#left(0, 0) (5, 776)
1 (449, 0) (454, 776) 0.04973786140855627
2 (450, 0) (455, 776) 0.04881256627914736
3 (451, 0) (456, 776) 0.0470954225405959
4 (452, 0) (457, 776) 0.045029640281946295
5 (453, 0) (458, 776) 0.04762105074589663
6 (454, 0) (459, 776) 0.05690061430701701
7 (455, 0) (460, 776) 0.07382895389357202
8 (456, 0) (461, 776) 0.097169763267529
9 (457, 0) (462, 776) 0.1245012916349177
10 (458, 0) (463, 776) 0.14817801070572684
11 (459, 0) (464, 776) 0.16471460784727976
12 (460, 0) (465, 776) 0.17070979528062302
13 (461, 0) (466, 776) 0.16547398459415283
14 (462, 0) (467, 776) 0.15005918443354158
15 (463, 0) (468, 776) 0.12987968814254053
16 (464, 0) (469, 776) 0.11098520348754644
17 (465, 0) (470, 776) 0.09094459117889292
18 (466, 0) (471, 776) 0.07651870154213165
19 (467, 0) (472, 776) 0.06849715407631327
20 (468, 0) (473, 776) 0.06619781767131534
21 (469, 0) (474, 776) 0.06607410142242987
22 (470, 0) (475, 776) 0.06898744932519077
23 (471, 0) (476, 776) 0.07702935027902903
24 (472, 0) (477, 776) 0.09208301909020407
25 (473, 0) (478, 776) 0.11370002551363652
26 (474, 0) (479, 776) 0.13921824797671747
27 (475, 0) (480, 776) 0.16447763273492685
28 (476, 0) (481, 776) 0.18421047689758363
29 (477, 0) (482, 776) 0.19416531938112372
30 (478, 0) (483, 776) 0.19312342239388056
31 (479, 0) (484, 776) 0.18078754600147853
32 (480, 0) (485, 776) 0.15959731687535092
33 (481, 0) (486, 776) 0.13262464529670165
34 (482, 0) (487, 776) 0.10490342222600885
35 (483, 0) (488, 776) 0.07874126835363951
36 (484, 0) (489, 776) 0.06171334526142398
37 (485, 0) (490, 776) 0.057793547470960806
38 (486, 0) (491, 776) 0.06671724177103741
39 (487, 0) (492, 776) 0.08567080741813621
40 (488, 0) (493, 776) 0.11236973111839034
41 (489, 0) (494, 776) 0.13893363831500583
42 (490, 0) (495, 776) 0.15824595113697026
43 (491, 0) (496, 776) 0.16751648014137782
44 (492, 0) (497, 776) 0.16529728956585207
45 (493, 0) (498, 776) 0.1519237195396231
46 (494, 0) (499, 776) 0.1305806050441769
47 (495, 0) (500, 776) 0.10882062400395541
48 (496, 0) (501, 776) 0.08712080598643816
49 (497, 0) (502, 776) 0.06959855652104592
50 (498, 0) (503, 776) 0.05908695292915491
51 (499, 0) (504, 776) 0.055628595534527564
52 (500, 0) (505, 776) 0.055100690452490095
53 (501, 0) (506, 776) 0.05704634482794073
54 (502, 0) (507, 776) 0.06317550293217607
55 (503, 0) (508, 776) 0.07550623384737723
56 (504, 0) (509, 776) 0.09460679901167258
57 (505, 0) (510, 776) 0.11856611081198555
58 (506, 0) (511, 776) 0.14381291831151236
59 (507, 0) (512, 776) 0.16512918548180963
60 (508, 0) (513, 776) 0.17782467545093578
61 (509, 0) (514, 776) 0.17965905540882102
62 (510, 0) (515, 776) 0.16997913694432146
63 (511, 0) (516, 776) 0.15083107877521523
64 (512, 0) (517, 776) 0.12410421752403698
65 (513, 0) (518, 776) 0.09614403255699565
66 (514, 0) (519, 776) 0.07015855369083802
67 (515, 0) (520, 776) 0.04904419476017161
68 (516, 0) (521, 776) 0.03420818071091822
69 (517, 0) (522, 776) 0.02521594224844845
70 (518, 0) (523, 776) 0.020128785205488144
71 (519, 0) (524, 776) 0.016961724212747702
72 (520, 0) (525, 776) 0.015082176082028075
73 (521, 0) (526, 776) 0.013985881758288386
74 (522, 0) (527, 776) 0.01302808735354483
75 (523, 0) (528, 776) 0.012115762039305646
76 (524, 0) (529, 776) 0.010236396007991744
77 (525, 0) (530, 776) 0.009464256481194753
78 (526, 0) (531, 776) 0.007577618079693308
79 (527, 0) (532, 776) 0.005734533172616028
80 (528, 0) (533, 776) 0.005078342693765108
81 (529, 0) (534, 776) 0.0033813787848985246
82 (530, 0) (535, 776) 0.002766794607885937
83 (531, 0) (536, 776) 0.0022540655259597232
84 (532, 0) (537, 776) 0.0005814944193575899
85 (533, 0) (538, 776) 0.0017457706952431742
86 (534, 0) (539, 776) 0.0021322964544157126
87 (535, 0) (540, 776) 0.00377349526189731
88 (536, 0) (541, 776) 0.0055932086171721455
89 (537, 0) (542, 776) 0.006072233512991484
90 (538, 0) (543, 776) 0.0053083316766540534
91 (539, 0) (544, 776) 0.004858899832203045
92 (540, 0) (545, 776) 0.005435294586247153
93 (541, 0) (546, 776) 0.005046008349663451
94 (542, 0) (547, 776) 0.006778430281502276
95 (543, 0) (548, 776) 0.0073697040755946325
96 (544, 0) (549, 776) 0.00804582789726325
97 (545, 0) (550, 776) 0.009882664042672951
98 (546, 0) (551, 776) 0.010567906545597944
99 (547, 0) (552, 776) 0.012474574561868719
100 (548, 0) (553, 776) 0.013311215940751372
101 (549, 0) (554, 776) 0.01513603357044053
102 (550, 0) (555, 776) 0.016031731353353427
103 (551, 0) (556, 776) 0.018011612353840894
104 (552, 0) (557, 776) 0.018903016942280984
105 (553, 0) (558, 776) 0.01981167437439324
106 (554, 0) (559, 776) 0.021239262390054078
107 (555, 0) (560, 776) 0.023863390592537715
108 (556, 0) (561, 776) 0.028614539737708486
109 (557, 0) (562, 776) 0.0373673310362503
110 (558, 0) (563, 776) 0.052381536318299525
111 (559, 0) (564, 776) 0.074428204196862
112 (560, 0) (565, 776) 0.10191153574224654
113 (561, 0) (566, 776) 0.13189213736000094
114 (562, 0) (567, 776) 0.15942276271503733
115 (563, 0) (568, 776) 0.18148046746293464
116 (564, 0) (569, 776) 0.19276159311818883
117 (565, 0) (570, 776) 0.1920123180741051
118 (566, 0) (571, 776) 0.1795930018173828
119 (567, 0) (572, 776) 0.1578066998187234
120 (568, 0) (573, 776) 0.13500809873644756
121 (569, 0) (574, 776) 0.1093408309903156
122 (570, 0) (575, 776) 0.0874811848570049
123 (571, 0) (576, 776) 0.07260799182073774
124 (572, 0) (577, 776) 0.06478381416768711
125 (573, 0) (578, 776) 0.06215859989507098
126 (574, 0) (579, 776) 0.062305135658948546
127 (575, 0) (580, 776) 0.06479693904109875
128 (576, 0) (581, 776) 0.07492570655471129
129 (577, 0) (582, 776) 0.09282018000126917
130 (578, 0) (583, 776) 0.116920167691635
131 (579, 0) (584, 776) 0.14376335915890648
132 (580, 0) (585, 776) 0.16954949808438202
133 (581, 0) (586, 776) 0.1860431468547453
134 (582, 0) (587, 776) 0.19050716461558484
135 (583, 0) (588, 776) 0.18249531425183788
136 (584, 0) (589, 776) 0.16383330424601525
137 (585, 0) (590, 776) 0.13782936123808515
138 (586, 0) (591, 776) 0.10889995739967612
139 (587, 0) (592, 776) 0.08421849990059913
140 (588, 0) (593, 776) 0.06804958109681626
141 (589, 0) (594, 776) 0.06430276902104451
142 (590, 0) (595, 776) 0.0742032149044332
143 (591, 0) (596, 776) 0.09647726562721873
144 (592, 0) (597, 776) 0.12430564880293073
145 (593, 0) (598, 776) 0.15460565958132588
146 (594, 0) (599, 776) 0.18193539569287842
147 (595, 0) (600, 776) 0.2011366671064121
148 (596, 0) (601, 776) 0.20977023538282127
149 (597, 0) (602, 776) 0.20645799722594035
150 (598, 0) (603, 776) 0.19146272906835396
151 (599, 0) (604, 776) 0.1681419831422299
152 (600, 0) (605, 776) 0.14232988154316506
153 (601, 0) (606, 776) 0.11577399412103839
154 (602, 0) (607, 776) 0.09385910197115019
155 (603, 0) (608, 776) 0.07951010328913057
156 (604, 0) (609, 776) 0.07274071315863796
157 (605, 0) (610, 776) 0.07072062801175212
158 (606, 0) (611, 776) 0.07145746752119744
159 (607, 0) (612, 776) 0.07482295153509005
160 (608, 0) (613, 776) 0.08510337678566353
161 (609, 0) (614, 776) 0.10264832012723293
162 (610, 0) (615, 776) 0.12528768181293778
163 (611, 0) (616, 776) 0.15065442380695407
164 (612, 0) (617, 776) 0.1735487785540502
165 (613, 0) (618, 776) 0.1868361287512588
166 (614, 0) (619, 776) 0.18827994092755135
167 (615, 0) (620, 776) 0.17775599843529988
168 (616, 0) (621, 776) 0.15802560419131306
169 (617, 0) (622, 776) 0.12956993679629697
170 (618, 0) (623, 776) 0.1007641095319287
171 (619, 0) (624, 776) 0.0773619464933034
172 (620, 0) (625, 776) 0.06134900795286521
173 (621, 0) (626, 776) 0.05303749506876809
174 (622, 0) (627, 776) 0.051331602184953855
175 (623, 0) (628, 776) 0.053279190104030906
176 (624, 0) (629, 776) 0.05445870165941182
177 (625, 0) (630, 776) 0.05469348635875521
178 (626, 0) (631, 776) 0.054615983664471617
179 (627, 0) (632, 776) 0.054377876024893974
180 (628, 0) (633, 776) 0.05418825571738287
181 (629, 0) (634, 776) 0.05318539591632622
182 (630, 0) (635, 776) 0.05232558934794864
183 (631, 0) (636, 776) 0.05202672634189593
184 (632, 0) (637, 776) 0.05088810035612029
185 (633, 0) (638, 776) 0.05035996109636031
186 (634, 0) (639, 776) 0.049233953848831315
187 (635, 0) (640, 776) 0.04859554504630713
188 (636, 0) (641, 776) 0.04804818055711889
189 (637, 0) (642, 776) 0.04692425662435039
190 (638, 0) (643, 776) 0.04723899229434977
191 (639, 0) (644, 776) 0.04669047924598255
192 (640, 0) (645, 776) 0.04706725171111254


#top(0, 0) (646, 5)
1 (0, 539) (646, 544) 0.09129110298688212
2 (0, 540) (646, 545) 0.09113365245208634
3 (0, 541) (646, 546) 0.09023750605694057
4 (0, 542) (646, 547) 0.08925787422852324
5 (0, 543) (646, 548) 0.08898591610520655
6 (0, 544) (646, 549) 0.08798977307461732
7 (0, 545) (646, 550) 0.08770938720189352
8 (0, 546) (646, 551) 0.08745835968796115
9 (0, 547) (646, 552) 0.08724958112334029
10 (0, 548) (646, 553) 0.08627751148054257
11 (0, 549) (646, 554) 0.08456206930989704
12 (0, 550) (646, 555) 0.08363252771397171
13 (0, 551) (646, 556) 0.08193888746842111
14 (0, 552) (646, 557) 0.08027709982532352
15 (0, 553) (646, 558) 0.07864980600664927
16 (0, 554) (646, 559) 0.07771670490913231
17 (0, 555) (646, 560) 0.07672907935732909
18 (0, 556) (646, 561) 0.07499379222311545
19 (0, 557) (646, 562) 0.0739080179373372
20 (0, 558) (646, 563) 0.07208733408473744
21 (0, 559) (646, 564) 0.07086698856112905
22 (0, 560) (646, 565) 0.06900786430215247
23 (0, 561) (646, 566) 0.06778775667512985
24 (0, 562) (646, 567) 0.06605994528300778
25 (0, 563) (646, 568) 0.06483575400562248
26 (0, 564) (646, 569) 0.06357635883068598
27 (0, 565) (646, 570) 0.06191838599025036
28 (0, 566) (646, 571) 0.059893892325941056
29 (0, 567) (646, 572) 0.05901700259298527
30 (0, 568) (646, 573) 0.06168091467596834
31 (0, 569) (646, 574) 0.06985223527902247
32 (0, 570) (646, 575) 0.08593621140021343
33 (0, 571) (646, 576) 0.11036570811521275
34 (0, 572) (646, 577) 0.1396810933910072
35 (0, 573) (646, 578) 0.16887981521457995
36 (0, 574) (646, 579) 0.19337979385233753
37 (0, 575) (646, 580) 0.2083478740509966
38 (0, 576) (646, 581) 0.20997429628745498
39 (0, 577) (646, 582) 0.19718425667228823
40 (0, 578) (646, 583) 0.17067815904365005
41 (0, 579) (646, 584) 0.13424015716141216
42 (0, 580) (646, 585) 0.09466927811658608
43 (0, 581) (646, 586) 0.0585140666661006
44 (0, 582) (646, 587) 0.030836781280152298
45 (0, 583) (646, 588) 0.013567800455898579
46 (0, 584) (646, 589) 0.005667645556053788
47 (0, 585) (646, 590) 0.0033891298936214293
48 (0, 586) (646, 591) 0.0031095473320580927
49 (0, 587) (646, 592) 0.0019815905988881063
50 (0, 588) (646, 593) 0.0017285861713106218
51 (0, 589) (646, 594) 0.0014764139951396454
52 (0, 590) (646, 595) 0.0012600286294483774
53 (0, 591) (646, 596) 0.0010802623256433261
54 (0, 592) (646, 597) 0.0009354505809114782
55 (0, 593) (646, 598) 0.0008247611438463308
56 (0, 594) (646, 599) 0.0007490262658543863
57 (0, 595) (646, 600) 0.0006716268850494324
58 (0, 596) (646, 601) 0.0005884017443989461
59 (0, 597) (646, 602) 0.00047355105030127384
60 (0, 598) (646, 603) 0.0005118346150004979
61 (0, 599) (646, 604) 0.0006608076167648683
62 (0, 600) (646, 605) 0.0008264256466593378
63 (0, 601) (646, 606) 0.001021172475781479
64 (0, 602) (646, 607) 0.0012242418189686672
65 (0, 603) (646, 608) 0.0013940211058956634
66 (0, 604) (646, 609) 0.0015155298112453756
67 (0, 605) (646, 610) 0.0016153999800259595
68 (0, 606) (646, 611) 0.001687805852391884
69 (0, 607) (646, 612) 0.0017710309930423713
70 (0, 608) (646, 613) 0.0018451013682213061
71 (0, 609) (646, 614) 0.001925829754652279
72 (0, 610) (646, 615) 0.0020689769965711174
73 (0, 611) (646, 616) 0.0022595625686607323
74 (0, 612) (646, 617) 0.0024576384034088942
75 (0, 613) (646, 618) 0.0027139718366123973
76 (0, 614) (646, 619) 0.00300276307466959
77 (0, 615) (646, 620) 0.004383794993633808
78 (0, 616) (646, 621) 0.005320896599602729
79 (0, 617) (646, 622) 0.00895006531994238
80 (0, 618) (646, 623) 0.019248411612811572
81 (0, 619) (646, 624) 0.039499507590200184
82 (0, 620) (646, 625) 0.06988846348599716
83 (0, 621) (646, 626) 0.10744974852529758
84 (0, 622) (646, 627) 0.1436191284663273
85 (0, 623) (646, 628) 0.17678165640356952
86 (0, 624) (646, 629) 0.1998888192337914
87 (0, 625) (646, 630) 0.209138200660427
88 (0, 626) (646, 631) 0.20411482475726683
89 (0, 627) (646, 632) 0.18760343553380612
90 (0, 628) (646, 633) 0.16529546677039128
91 (0, 629) (646, 634) 0.13545909885300256
92 (0, 630) (646, 635) 0.10655460317242103
93 (0, 631) (646, 636) 0.08380114622920021
94 (0, 632) (646, 637) 0.06952432822485957
95 (0, 633) (646, 638) 0.06256662559994532
96 (0, 634) (646, 639) 0.06048764810874059
97 (0, 635) (646, 640) 0.06152825213861639
98 (0, 636) (646, 641) 0.06313437605337069
99 (0, 637) (646, 642) 0.06451153985648601
100 (0, 638) (646, 643) 0.06566503356702397
101 (0, 639) (646, 644) 0.06690548575650562
102 (0, 640) (646, 645) 0.06837483899656725
103 (0, 641) (646, 646) 0.06959523080699692
104 (0, 642) (646, 647) 0.07121732903687793
105 (0, 643) (646, 648) 0.07283378602352465
106 (0, 644) (646, 649) 0.07393039322105306
107 (0, 645) (646, 650) 0.07547269482457415
108 (0, 646) (646, 651) 0.07648753465487985
109 (0, 647) (646, 652) 0.07746946116824517
110 (0, 648) (646, 653) 0.0789002808745325
111 (0, 649) (646, 654) 0.07985511397167155
112 (0, 650) (646, 655) 0.08133445193447687
113 (0, 651) (646, 656) 0.08282937736498104
114 (0, 652) (646, 657) 0.0843450933591073
115 (0, 653) (646, 658) 0.08529523195856543
116 (0, 654) (646, 659) 0.08568214099448485
117 (0, 655) (646, 660) 0.0861383106525832
118 (0, 656) (646, 661) 0.08714149475667808
119 (0, 657) (646, 662) 0.08763931957326011
120 (0, 658) (646, 663) 0.08814284228856373
121 (0, 659) (646, 664) 0.08914142752967073
122 (0, 660) (646, 665) 0.09007903579941388
123 (0, 661) (646, 666) 0.09046338121098309
124 (0, 662) (646, 667) 0.09130098085603477
125 (0, 663) (646, 668) 0.09159375125262323
126 (0, 664) (646, 669) 0.09227444458258689
127 (0, 665) (646, 670) 0.09245996464758414
128 (0, 666) (646, 671) 0.09278694107916088
129 (0, 667) (646, 672) 0.09337297410801824
130 (0, 668) (646, 673) 0.09398301775842526
131 (0, 669) (646, 674) 0.09453035615103848
132 (0, 670) (646, 675) 0.09489494965586548
133 (0, 671) (646, 676) 0.09536970359585156
134 (0, 672) (646, 677) 0.0973611565423788
135 (0, 673) (646, 678) 0.10180725246113902
136 (0, 674) (646, 679) 0.11008489233901439
137 (0, 675) (646, 680) 0.12427994080030644
138 (0, 676) (646, 681) 0.14422410111120046
139 (0, 677) (646, 682) 0.16709449106175472
140 (0, 678) (646, 683) 0.18959932384795836
141 (0, 679) (646, 684) 0.20812983607140667
142 (0, 680) (646, 685) 0.21873078548023056
143 (0, 681) (646, 686) 0.21905386021114517
144 (0, 682) (646, 687) 0.21006204080444418
145 (0, 683) (646, 688) 0.1935985917362758
146 (0, 684) (646, 689) 0.17324144603917746
147 (0, 685) (646, 690) 0.15319765815910297
148 (0, 686) (646, 691) 0.13688193203087004
149 (0, 687) (646, 692) 0.12573221613521843
150 (0, 688) (646, 693) 0.1198004267866082
151 (0, 689) (646, 694) 0.11779655408832246
152 (0, 690) (646, 695) 0.11756192658046588
153 (0, 691) (646, 696) 0.11700039948067487
154 (0, 692) (646, 697) 0.11684976197609748
155 (0, 693) (646, 698) 0.1166591764040079
156 (0, 694) (646, 699) 0.11646442957488574
157 (0, 695) (646, 700) 0.11631878557874743
158 (0, 696) (646, 701) 0.11618229634808061
159 (0, 697) (646, 702) 0.11609657445321059
160 (0, 698) (646, 703) 0.11603748460334873
161 (0, 699) (646, 704) 0.11599753653583651
162 (0, 700) (646, 705) 0.11592013715503155
163 (0, 701) (646, 706) 0.11583441526016156
164 (0, 702) (646, 707) 0.1156729584872996
165 (0, 703) (646, 708) 0.11547654715536441
166 (0, 704) (646, 709) 0.11542577981956759
167 (0, 705) (646, 710) 0.11548154066380344
168 (0, 706) (646, 711) 0.11561137188321817
169 (0, 707) (646, 712) 0.11586437631079569
170 (0, 708) (646, 713) 0.11616065781151143
171 (0, 709) (646, 714) 0.11633459835547101
172 (0, 710) (646, 715) 0.11645028130097518
173 (0, 711) (646, 716) 0.11648440360864189
174 (0, 712) (646, 717) 0.11649938413395898
175 (0, 713) (646, 718) 0.11651270015646305
176 (0, 714) (646, 719) 0.11655597722960132
177 (0, 715) (646, 720) 0.11665085388994288
178 (0, 716) (646, 721) 0.1168247944339024
179 (0, 717) (646, 722) 0.11700872199473993
180 (0, 718) (646, 723) 0.11721928160058569
181 (0, 719) (646, 724) 0.11737408036219554
182 (0, 720) (646, 725) 0.11851264745843923
183 (0, 721) (646, 726) 0.11916104206232336
184 (0, 722) (646, 727) 0.12167628776248116
185 (0, 723) (646, 728) 0.12805648877781417
186 (0, 724) (646, 729) 0.13962784951762439
187 (0, 725) (646, 730) 0.1561625891738851
188 (0, 726) (646, 731) 0.17626679783218377
189 (0, 727) (646, 732) 0.19404800533068725
190 (0, 728) (646, 733) 0.21050045917549487
191 (0, 729) (646, 734) 0.21957098342435968
192 (0, 730) (646, 735) 0.21819051899197708
193 (0, 731) (646, 736) 0.20931646958017489
194 (0, 732) (646, 737) 0.19127635412651622
195 (0, 733) (646, 738) 0.17156853984556913
196 (0, 734) (646, 739) 0.1487622366227547
197 (0, 735) (646, 740) 0.12854565043850544
198 (0, 736) (646, 741) 0.11367137026858314
199 (0, 737) (646, 742) 0.10452717135739718
200 (0, 738) (646, 743) 0.09926573187649562
201 (0, 739) (646, 744) 0.09652093304345363
202 (0, 740) (646, 745) 0.09532220798521963
203 (0, 741) (646, 746) 0.09465501865119176
204 (0, 742) (646, 747) 0.09398390729029292
205 (0, 743) (646, 748) 0.09327190441899183
206 (0, 744) (646, 749) 0.09259077234682603
207 (0, 745) (646, 750) 0.09248394431412606
208 (0, 746) (646, 751) 0.09180064561057069
209 (0, 747) (646, 752) 0.09178845052452218
210 (0, 748) (646, 753) 0.09170990280940791
211 (0, 749) (646, 754) 0.09087459526659061
212 (0, 750) (646, 755) 0.09069942271206531
213 (0, 751) (646, 756) 0.08979735123488965
214 (0, 752) (646, 757) 0.08882924077985287
215 (0, 753) (646, 758) 0.08856353132112829
216 (0, 754) (646, 759) 0.08829355862275316
217 (0, 755) (646, 760) 0.08731891279925316
218 (0, 756) (646, 761) 0.08707924143058456
219 (0, 757) (646, 762) 0.08689738904278001
220 (0, 758) (646, 763) 0.08594059243206986
221 (0, 759) (646, 764) 0.08421576949965039
222 (0, 760) (646, 765) 0.08253362606481561
223 (0, 761) (646, 766) 0.08158111605673353
224 (0, 762) (646, 767) 0.07992437654740302
225 (0, 763) (646, 768) 0.0782678402849955
226 (0, 764) (646, 769) 0.0773295470346709
227 (0, 765) (646, 770) 0.0763005897545808
228 (0, 766) (646, 771) 0.07452961423373657
229 (0, 767) (646, 772) 0.07341101376953137
230 (0, 768) (646, 773) 0.07157086264047213
231 (0, 769) (646, 774) 0.06969284104106394
232 (0, 770) (646, 775) 0.06846722566896093


 tot time: 0.18133258819580078 sec
